A*
100 100
0 0
17
1
99 99
-30 -13 -56 -19 -2 -20 -49 -30 -1 -29 6 -9 2 -52 -55 -19 -6 -33 -1 -6 3 -11 -4 -26 -6 -30 -1 -12 -4 -10 9 -44 -29 3 1 -11 -41 -9 -3 -57 -26 -27 -43 -16 -47 -26 -27 -21 -49 -22 -25 -50 -22 -45 -19 -44 -26 -15 -36 -50 -45 -53 -22 -55 -19 -42 -11 -40 -55 0 -3 -11 -13 2 -12 -46 -37 -11 -20 -12 -30 7 -40 -37 -57 -10 3 -16 -28 -15 8 -42 1 1 -47 -14 -57 -40 -3 -14 
-46 -46 -11 5 -55 -49 -57 -6 -18 -36 -6 -16 -53 -57 -20 -29 -46 -39 -53 -20 -10 -4 -51 -28 -24 6 7 -44 -50 10 -44 -47 -9 -41 -42 -5 -15 -19 -7 -8 -25 -41 10 -46 -33 -5 -6 -49 -3 -32 -57 -8 -36 -49 -37 -45 -25 -12 -14 5 -12 -7 -18 -28 -10 -30 -35 -26 -35 -48 -53 -52 -15 9 0 -22 -49 2 -22 -56 10 4 -15 -21 -53 -52 -8 -40 -20 -37 -26 -16 -22 -45 0 -16 -43 -26 -14 -37 
-43 -24 -42 -20 -30 7 -11 -35 -43 7 -17 -14 -47 -34 1 7 -53 -36 9 -33 -2 -6 -41 -46 -4 -55 -34 -53 -39 -6 -31 -32 -12 -10 -30 -10 -20 -9 -30 -36 -27 -19 -40 -18 -22 -51 -47 2 -15 -15 -30 -23 -35 -5 -8 -12 -47 -19 -51 -29 -47 -11 -52 -3 -29 -19 -51 -2 -43 -9 -32 0 -16 -42 -40 -29 -51 3 -24 -34 -53 -15 -44 -28 -11 -9 -46 -6 -15 4 -42 -12 -57 6 -18 10 -6 -14 -26 -45 
-27 10 -20 -37 -44 -23 -36 -25 -33 3 -49 -20 -10 -34 -15 -16 -34 -12 -50 -27 -56 -21 9 -13 -37 -4 -18 -1 -23 7 -40 -1 -48 1 -12 -51 -45 -33 -31 -30 -16 -28 -4 -53 6 -41 -19 -31 -37 -13 -57 -40 -30 -56 -3 -47 -13 5 -45 4 -19 -25 -8 0 4 -39 -9 -36 -34 -51 -35 -21 -7 -33 -27 -1 -14 -7 -57 2 -29 -30 -27 -7 -22 -14 -15 -45 -10 -28 -18 -5 -16 -46 -29 -8 -32 -49 -14 -43 
-43 -30 -31 -38 -50 1 -46 -19 -19 -1 -18 -45 -30 -42 -53 -51 -5 -41 -57 -8 -3 6 -39 -10 -1 -33 -48 -45 8 -53 -20 -24 -48 -32 -42 -35 -1 -57 -44 -15 -37 -23 -57 -17 -40 -38 -48 -37 -11 -14 -38 -30 -55 -27 -13 -13 -39 -41 -16 -43 -21 -33 -19 -26 -22 -28 -50 -6 -23 -42 3 -31 -47 7 -8 7 -53 -48 9 -54 -46 -19 -30 -45 -53 -5 5 -5 -5 -12 0 -43 -28 -29 -1 -34 -47 10 -28 -2 
-35 -17 -6 -8 -57 -56 -35 -17 0 -22 -52 -46 -9 9 -40 -37 -45 -12 9 -19 -30 -3 -26 10 -16 -28 -2 5 -1 -53 -46 -8 0 -49 -52 9 -38 10 -44 2 -25 -48 -43 5 -43 -37 -13 -44 -57 7 -19 -51 4 -3 -14 8 -5 -34 5 -31 -17 -25 -21 -46 -8 -18 -8 -31 -36 -22 -57 -15 6 -55 -25 -37 -41 -6 -54 -16 -19 -38 -50 -50 -2 -7 7 -7 -28 9 -30 -34 -45 -20 -18 -41 -8 -53 -11 -18 
-52 -54 -40 -10 -14 -26 -17 -45 -54 0 2 -45 -47 7 -35 -42 -51 -49 -42 -7 -18 1 -32 -36 -4 -16 -7 -48 -38 -11 -44 -9 -42 -44 6 5 -43 -52 10 -12 -24 7 -56 7 -10 -33 -28 -38 -1 -20 -42 -13 -55 -49 -35 -57 -54 6 -23 -28 -27 -3 -45 -53 -27 6 -38 -20 -45 -18 0 -20 -29 -13 -40 -51 -33 -41 -34 -10 -39 -13 0 -32 -26 -46 -16 -50 -52 -55 -11 -53 -23 5 3 -51 3 -14 -28 -53 
-44 -57 5 -32 -40 -11 -12 -31 -19 -29 -16 -16 -26 -37 -26 -52 -25 0 -27 -21 -1 -17 -55 -6 -53 -31 -12 -2 6 -26 -34 -44 1 -24 -11 6 -51 -35 -8 -13 0 -20 -15 -53 -48 -30 -17 0 -52 -4 -30 -45 -3 -32 -16 8 5 -52 -45 6 -44 -23 -36 -57 -25 -4 -26 -52 -38 -48 5 -7 8 7 -53 2 -24 -51 -53 -53 -42 -32 -45 -20 -46 0 -39 -5 -49 -49 -33 3 -51 10 -26 -12 -8 -26 -45 -50 
-31 -6 -57 5 -43 -5 6 -19 -42 -33 -18 -3 6 -40 5 -25 -20 2 -11 -31 -26 -28 -30 -1 -28 3 10 -15 -31 -52 -38 -38 -45 -55 6 -9 -23 8 -40 -36 -23 -10 -18 -23 -32 -28 -14 -4 -8 -4 -29 7 -31 -35 -22 -28 -1 -13 -35 -31 -19 4 -32 -27 -37 -38 -36 -57 9 -18 -40 -5 -32 -1 -26 -25 -38 4 0 -9 8 -32 -50 -55 -35 -25 1 6 1 9 8 -15 -37 -7 8 1 -31 -11 -33 -51 
-14 -42 -47 -8 -10 -29 -3 -11 9 -52 -14 -22 -5 -43 -19 -15 -45 -54 -23 -1 -55 -22 -23 -29 -20 1 -19 -24 -53 2 -15 -12 -43 -51 -53 -44 5 -7 -41 -5 -36 -18 -26 -3 -17 -5 -28 -21 -18 -52 -52 -39 -11 -55 -26 -38 -43 -44 -46 -12 -1 6 6 -51 1 -54 -15 -26 -39 -46 -36 9 -40 -19 -2 -26 -37 -14 -47 -24 -3 -55 -3 -15 -17 -34 -43 -22 -51 -15 -40 -14 2 -30 -31 -36 -46 -21 -8 -13 
-14 -25 -27 -40 -38 3 -14 -40 -53 -53 -1 -15 -12 -12 -18 -38 -24 -32 10 3 -49 1 -27 -5 -47 -39 -56 -37 -21 8 6 -32 -22 -55 -20 -19 -52 -1 -13 -13 0 -53 10 5 -47 -42 9 -28 -7 -1 -22 -10 -33 3 -31 -25 -23 -23 -55 -57 -43 -48 -4 -56 -35 -36 -25 -21 -49 -7 -34 -47 -32 -14 2 -17 -32 -11 -36 -1 -16 -21 -10 -24 -6 -35 -31 7 -4 5 -53 -11 -47 -33 -17 -22 9 -39 -31 -38 
-26 5 10 -37 -38 -11 2 -11 -39 -48 2 10 -54 -1 -42 3 -3 -24 -50 1 8 -8 -38 10 -53 -42 -14 -24 -14 -12 -14 0 -25 -47 -10 -3 0 -35 3 -1 -11 -45 2 -15 -37 -35 -13 -47 4 -24 -18 4 5 4 1 -5 -2 3 7 -22 4 -9 -36 -57 -37 -48 -39 5 -56 3 -17 -31 -17 -38 -12 10 -21 5 3 -8 -40 -2 0 5 6 -11 -14 -21 -50 -24 -23 -14 -4 10 -40 -17 -23 -11 -27 -43 
-51 -40 -36 -53 -27 -56 2 -53 -24 -36 -37 -11 -43 -9 -48 -19 -41 -14 -40 -6 -46 10 -43 -2 -53 -43 -37 -32 -53 -44 -28 -6 -28 1 -8 -1 2 -37 -23 10 -50 -7 -37 -37 -23 -51 3 -33 -53 6 -16 8 -30 -33 -19 0 -22 -4 -24 -36 -11 -21 10 -43 -28 -40 -42 -25 -40 -49 -50 -30 -33 0 9 -27 -32 0 -48 -52 -25 -25 10 -6 -49 -41 -52 -16 -28 -22 -9 -45 -15 -21 3 -34 -56 -21 -28 -50 
-40 -39 -47 -49 -16 -43 -20 -15 -34 -35 -22 -54 -37 0 -29 10 -2 -25 -22 -35 0 -56 0 1 -40 -27 -50 -9 -32 -28 -27 -38 -30 -45 -36 -6 -50 10 -8 -32 -5 -28 -3 -55 -54 -4 -57 -4 8 -27 -47 -3 -51 -40 -52 -35 -28 8 -43 5 -1 -37 3 -9 6 -38 -37 -15 -47 7 -27 -53 -31 -39 -11 -24 -3 3 -42 6 -36 -52 -26 -19 -55 -39 -38 -14 -2 -37 8 -11 -7 -13 -47 2 -37 -37 -16 7 
-48 8 -35 -13 -5 -32 -40 -6 -14 -52 -44 -49 -47 3 -16 -18 -22 5 -34 -35 -44 -49 -41 -56 8 -12 -13 -22 -2 0 -50 -48 -8 -30 10 -28 -47 -32 -56 -5 0 -26 8 2 -12 -42 -8 -31 -47 -38 6 8 7 -20 -30 -6 -36 -4 -14 -46 -51 -22 -29 8 -20 2 0 -29 -55 -34 -52 -40 -39 -3 -27 -24 9 -33 3 -23 -18 -17 10 -55 2 -42 -14 -42 -14 -53 -25 10 -6 5 -20 -10 -15 9 9 -42 
-46 -17 -40 -49 1 -10 -27 8 -14 -34 -12 -48 -33 -20 -9 -20 -1 6 -5 -30 -20 -50 -7 -21 -14 -14 -28 4 -15 -54 -28 -39 -50 -18 -56 -42 -46 -50 -38 -2 -45 7 -36 -47 -15 4 -28 -52 -40 -37 -14 -8 -18 9 -38 -38 7 -10 -18 -3 2 -17 -21 -14 -56 -41 -39 -17 -19 -5 -16 -34 -2 -20 -46 5 -44 -18 9 2 -26 6 -36 8 -42 -7 9 -32 -50 -39 -10 -22 -44 -39 -27 10 -13 -22 -55 -29 
-49 1 -24 -25 -53 -55 8 -11 1 -36 -20 -18 -5 -36 -3 -18 -25 -50 -56 -4 -56 -38 -17 -10 -17 -5 -38 -32 2 -6 -36 10 -48 2 -1 -33 -39 4 8 -10 0 -1 -42 -25 -33 -36 -50 -39 -9 -43 -51 -44 -28 -25 0 -11 -25 -49 -54 3 3 -13 -28 -18 -43 -56 -16 -41 -45 -36 -19 -46 6 -1 -34 -22 -30 3 -42 -25 -7 6 -25 -18 -1 -57 -30 9 -41 -34 7 -34 -16 -6 -13 -23 -23 -19 -50 -34 
-29 -28 -29 -43 -20 -21 3 -1 -12 -3 -8 -34 -15 2 -29 -57 -9 1 -34 -9 -32 -33 -49 -17 2 -9 -42 -27 -21 -26 -45 0 -18 -26 -55 -8 -38 -29 -7 -24 1 -47 -49 -46 -36 -38 -35 -8 -44 -38 2 1 -2 -10 -7 -43 -20 -16 -13 -25 -39 -39 -9 -5 3 -34 -9 -53 -19 -22 -46 -4 -33 -39 -29 -1 -34 -39 -34 -57 -46 -13 -39 -28 -50 -29 -57 -1 -22 -24 -51 -47 -6 -19 -16 -39 9 2 4 4 
-3 -38 6 -44 -50 -57 -31 5 -17 -17 8 4 -12 5 -32 -15 -50 -30 -9 -17 -31 -20 -44 -31 -55 -6 -25 8 -49 -25 -7 -7 -9 -36 7 -51 7 -56 -23 -40 -44 -7 -11 -31 -5 -35 -38 -30 -39 -47 -8 -49 -29 9 -12 -42 -27 -30 -29 -51 3 7 -30 -14 -25 -15 -23 -14 -8 -7 -24 5 -29 -49 -13 -52 -20 -9 -46 -24 -49 4 -42 -17 -46 -41 -11 -4 -29 -44 -36 -52 -46 -52 -11 -16 -24 -39 7 -6 
-49 -34 3 -20 -52 -12 -32 -8 -11 -13 -15 -30 -2 -49 -8 1 6 -26 -39 -47 -21 -32 7 -13 -36 -41 -14 -56 -41 -15 -19 -32 -13 2 4 -7 -55 -51 -29 -3 -2 -24 -20 -4 -46 -23 -47 -9 0 -10 -42 -19 1 -28 -48 -3 -43 -43 6 -11 -5 -34 0 -53 -35 -35 -24 -44 3 -55 1 -27 9 -56 9 -54 -40 0 -56 -47 -16 -43 -36 -11 -9 -3 -46 -46 -7 -21 -29 -3 -56 -31 -52 -12 0 -16 -56 -13 
-18 -39 -3 -52 -55 -2 -47 3 -10 -45 -35 -24 -56 4 -8 10 8 -3 -9 -6 -14 -1 -24 -52 -20 -21 -1 -22 -53 -32 -2 -54 10 -12 -12 -30 3 -33 -30 -51 -19 -19 -35 -19 -47 -30 -56 6 -26 0 -6 -36 -11 -14 -23 -43 0 -4 -25 -50 -7 -38 -4 -36 -48 -9 -19 -24 -47 -28 -45 -18 6 -6 -48 -6 -1 -25 -29 -57 4 -40 -26 -36 -7 -55 -30 -15 -38 -57 -19 -31 -9 -20 -51 -33 -6 -43 -36 3 
-35 -45 -44 -23 -47 -37 -37 -33 -37 4 -3 -40 -52 -55 -8 -6 5 -8 -10 -13 -6 4 -45 -10 -10 -56 -55 7 2 8 -55 -44 -27 -27 9 -32 8 -15 -14 -6 -35 2 -35 -30 -23 -47 -26 -40 -11 -27 -40 8 2 5 9 -4 -1 -5 -20 -48 -12 -3 -33 -27 -1 -25 -54 -35 5 -53 -37 -12 -8 6 -20 -32 -16 -10 8 -38 -55 -27 -40 8 -39 -34 -3 -18 -40 -21 -54 -4 -25 5 -57 -33 -19 -24 -14 -37 
4 -27 -6 -28 -28 -44 -40 -3 -49 -26 -57 -53 -15 9 -8 -25 -45 -52 -17 -11 7 -17 -12 8 -23 -29 -36 -6 -24 -51 -11 -27 -8 -28 -17 6 8 -41 -28 -51 -50 -35 -42 -41 -45 -24 10 -23 -48 -2 0 -57 -38 -27 -42 8 -26 -29 9 -9 10 -15 -32 -33 -33 -33 -17 9 -24 -43 -55 -41 -55 -28 -12 -54 -35 -19 1 -11 -49 -37 -15 -43 -23 -10 -34 -21 1 -17 -21 -29 -44 -4 -19 -51 -2 -35 -20 -3 
-53 7 -13 -38 -6 -17 5 -43 -15 -10 -14 1 -2 -38 -4 -40 -54 -30 2 -18 -54 3 5 -55 -12 -40 -36 -32 -9 -51 -52 -57 -44 -54 -54 -16 -19 -38 -15 -29 -16 -42 -26 -34 -16 -17 -21 -33 -29 -23 2 -51 -19 -1 -55 -41 -24 -57 -39 -31 -7 -33 -39 3 2 9 -44 -4 -3 -45 -36 10 -41 -47 -7 -51 -38 -5 -46 5 -36 -9 -39 8 -19 -41 -56 -8 -24 0 -39 4 -40 -36 -33 -12 -54 4 -21 -1 
-55 -47 -52 -34 0 -55 -37 -7 -54 -4 -55 -27 9 -54 -53 -21 6 -51 -47 -29 -38 -26 -30 -1 -20 -23 -24 10 -41 -41 -57 9 -8 -33 -23 -44 -57 -18 0 -25 -55 -10 -52 -22 -1 4 3 5 -21 -5 2 -13 6 -40 -43 -2 -28 -9 -30 -49 -8 -53 -6 -39 -17 -23 8 8 -25 -9 -23 -9 -27 -17 5 -31 -52 -43 -22 10 -28 -43 -41 8 -15 0 -34 -13 -46 10 -34 -57 -9 -27 -7 -54 5 -5 1 7 
2 -13 -41 -7 -57 -32 -16 10 10 -10 -46 -50 -14 -16 -16 -50 -35 -33 -19 -24 -30 -56 -3 -29 -54 -37 -15 -48 -53 -47 3 -46 -8 9 -18 2 10 -41 -20 10 -33 -45 -30 -22 -16 -12 -10 -41 9 -30 -20 -36 -12 -44 4 -24 -57 -47 9 -5 -35 -9 -35 -54 -19 -42 -39 5 -32 -48 -10 -57 -24 -25 -22 -8 -15 -35 -17 -6 -19 -5 -12 -10 3 -26 10 -35 -8 -52 -11 -13 -44 -4 -3 -17 -27 -42 -16 -52 
-37 -21 -54 -28 -39 -28 -7 1 -4 -57 -21 -13 -33 -12 -38 -52 -37 -33 -33 -53 -38 6 8 -43 -27 -26 -9 -9 -26 -53 -42 -30 -28 2 -41 -8 -28 -43 -48 -8 -57 6 -23 -43 5 -55 -56 -10 -31 -8 -40 -37 1 -24 -47 2 -14 -24 -53 -28 -43 -51 1 -30 -4 -8 -19 9 -19 -14 -25 -9 10 9 4 -17 -21 -17 -45 -18 -57 -6 -50 -4 -35 -20 -41 -45 -40 -38 -44 -33 -2 -47 -26 -49 -11 -16 -50 -41 
3 -25 -50 -27 -35 -47 -45 -27 -7 -3 -41 -26 -48 -50 0 -14 -14 -28 -23 -53 -8 -20 3 -22 -13 -32 -14 -29 -44 -50 8 -43 10 -51 -51 -33 -41 -38 9 -25 1 -54 -21 5 -37 -46 -21 -49 -32 -9 9 -34 -32 8 -53 10 -8 -8 9 -39 -9 -15 -26 -41 -51 -2 -37 -54 9 1 -24 -9 -24 6 -56 -20 -46 -2 -11 0 -33 -7 -52 -5 -6 -49 3 -8 1 -29 -4 -30 -17 -16 -54 8 -27 -45 -33 -35 
-3 -7 -31 -57 0 -30 -44 -23 -31 7 -41 -12 -53 -53 -31 -28 -14 -44 -18 -22 1 -6 7 10 -42 -12 -41 -29 -42 -34 2 -27 -26 -56 -35 -17 -42 -22 -28 9 -18 -1 -22 -57 -32 -55 -11 -54 -50 -17 7 4 -30 8 -46 3 -16 -13 -52 -56 -20 -26 -24 -45 6 -34 -56 -3 -13 -18 -57 -29 -7 -30 -54 -23 -35 -54 -51 -29 -44 8 -1 -45 -6 -30 -34 -4 -57 -7 -37 -10 -17 -20 -9 -49 -55 8 -6 -13 
-28 -15 1 -30 2 -44 -51 -7 -57 -26 -53 -10 -26 -5 -11 5 -54 -52 -40 3 10 5 -22 -42 -48 -53 6 -11 -48 2 -39 -54 -27 -6 -15 -5 -33 -53 9 -24 9 -2 -13 -13 -11 -11 -44 -46 -40 -6 -16 -36 -23 0 -30 -41 3 6 -4 -29 -41 7 -52 1 7 -34 2 6 -34 9 -39 -42 6 -31 -8 -14 -7 -52 -12 -56 3 -51 -53 -45 -54 9 -50 -49 -25 10 -46 5 -39 -25 -17 -4 -49 -39 -5 4 
10 5 -5 -53 -36 -21 -54 -28 -38 8 -22 2 -25 -10 -51 -43 -7 -25 -55 4 -3 -57 -32 5 -13 -56 -32 -3 5 -28 -48 -30 -55 -56 -16 -21 -6 -48 -48 -25 -3 -33 -11 -26 5 -11 -31 -49 -9 -49 -8 -55 -48 -45 -42 -2 -33 8 -31 -25 -17 -45 5 -6 -42 -18 -15 -17 -6 -36 -33 -29 -45 -35 -35 6 -1 -11 -26 -46 -56 -36 -46 4 -32 -25 -3 -48 -42 -22 -35 -53 0 -11 2 -24 -57 -42 -13 -29 
-18 5 -29 -16 -10 -42 -42 -55 -37 -14 -45 3 -40 -56 7 -54 -46 -9 -15 -35 -53 -48 -11 -18 -45 10 -25 -10 -18 -38 -14 2 -38 -31 10 -18 -22 -9 -12 -56 -20 -33 0 -6 -26 -52 -34 -14 -45 -34 -51 -26 4 6 -35 -25 -27 -5 -21 -55 -24 -41 -15 -20 -54 -25 -8 -43 -1 4 -32 -14 -19 -39 -31 6 -49 -43 -31 -43 -5 -36 -9 -36 1 -16 6 -44 6 -4 4 -5 -13 -43 -15 -29 -40 -19 -45 -47 
-53 7 -51 -5 -53 4 -23 -7 -26 -23 -18 -19 -34 10 -50 5 -42 -38 3 -3 -40 -14 -33 -8 -21 -46 -4 -8 -40 9 -23 -40 -18 -21 -2 -47 -3 -15 6 -4 -36 -30 -29 -2 7 -51 -49 -17 7 -19 -4 -2 -8 -43 -46 -43 -15 -34 6 6 4 -13 -41 -9 10 -24 3 -8 -42 -57 -40 -30 4 -33 -56 3 -48 -4 -36 -8 -8 6 -25 -48 -7 -12 -54 -14 -43 -43 -29 -50 -28 -39 1 10 -52 -2 -12 -44 
-45 -25 -28 -12 -10 -33 -30 7 -35 -55 -50 -9 -45 -23 5 -23 -25 -27 -38 -39 6 -46 -11 -37 3 -37 -2 5 4 -4 -4 -48 -34 -41 -41 -19 -11 -52 -24 -46 -15 -53 -36 -9 -14 -37 -19 -21 -45 -41 2 -11 0 -41 2 -31 4 -48 -23 -47 -19 -2 -40 -18 -32 -19 -22 -39 -7 8 -27 -44 -20 -9 -38 -6 -35 -36 -31 -36 -23 0 -51 -1 -54 -13 -20 1 6 -43 0 -11 -28 -28 -45 -32 -5 -33 -13 -19 
-44 -35 -33 3 -24 -43 -1 -1 -56 -30 1 -16 -38 -8 -22 10 -18 -41 -48 -22 -10 -42 -2 -48 6 -36 -39 -57 -43 -33 -40 -11 -55 -32 -47 4 -22 -34 -11 -57 -2 5 -8 -17 -31 -48 -5 -41 -51 -34 -24 3 -1 -9 -51 -52 -3 -9 -51 -27 -18 -22 -26 -54 5 5 -24 -16 -34 -55 -13 -47 -21 -50 -9 7 1 -29 -43 -31 -1 -39 -23 -42 -48 -11 -7 -5 -11 -5 -48 -47 -34 -57 -32 -1 -3 -42 6 -28 
-35 5 7 -11 -34 -30 -21 -13 -53 3 1 -14 2 5 -20 -27 0 -29 -40 -6 -2 -27 8 -51 -47 -29 -18 1 1 -23 -20 5 -6 -16 4 -25 -43 -15 8 -39 -37 -1 -3 -56 -46 -55 -10 6 -53 5 -55 -42 9 -11 1 -55 -26 -41 -6 -2 -25 -38 -10 -36 -44 -56 -22 -33 9 -11 -23 -17 -8 -34 -57 -12 -11 3 -47 -39 -13 10 -23 -5 -45 -30 -28 -4 -29 -36 -52 -39 -13 -48 -25 -31 -14 8 -15 -17 
-55 7 -48 -23 -35 -25 -54 -52 2 -23 -3 10 -42 -35 -2 -46 5 -29 -18 -16 -14 6 6 -42 -55 4 -41 -34 -57 3 -42 4 -51 -55 -27 -7 -11 -54 -22 -30 -10 7 -12 -36 -48 -29 -45 -13 -38 -9 -9 -23 -8 -19 10 -20 -54 5 -25 9 -56 -23 -50 8 -31 -18 -10 -22 -30 10 4 -55 -27 -25 -27 -55 6 -31 -31 -28 -22 6 -34 -16 -47 -37 -25 -29 -20 -18 -48 -1 2 -37 -2 2 -44 8 -8 -5 
-4 3 -37 6 -28 -42 -39 -15 -7 -32 -44 -55 -40 -35 -34 -34 -57 -1 1 -55 -28 -24 -21 -8 -20 -20 -26 -5 -34 -23 -24 -50 -46 -14 -32 8 -29 -1 -54 -17 -23 -49 -20 8 -55 -23 0 7 -46 -30 3 9 -24 -3 -20 4 -31 -30 -36 -43 -42 -34 -56 9 -40 -3 -41 -10 -24 -3 -27 -26 -57 -55 -42 -31 -24 -49 -8 -42 -50 -11 -7 -27 -11 -2 -49 -16 -35 -5 -40 -57 -11 -16 -13 -45 -51 -11 -18 -40 
-19 10 -34 -51 -14 -4 -56 9 2 -39 2 8 -33 -16 -44 6 1 1 -19 -9 -16 -53 6 -55 -37 -11 -23 -8 -6 -1 -17 -28 10 8 -44 5 -15 -25 -4 -33 -16 -36 3 -22 -21 -48 -10 -40 5 -11 7 -47 1 -16 -3 -21 -14 6 7 -47 -57 -53 6 -16 6 -34 -15 5 -49 -22 -21 7 -8 -50 -26 -17 -11 -54 -10 -9 -2 -19 -32 8 -53 -34 -3 -30 -21 -52 7 -36 -38 3 -29 -29 -29 -12 -47 -33 
-7 -28 -15 -46 -40 -20 -44 -45 -19 5 -49 -14 10 -9 -7 -13 -44 10 -36 -19 -33 -41 -37 -4 3 -39 0 -53 -24 -25 0 -51 -37 -6 -13 -33 -44 -4 -12 -29 -4 -38 -26 -49 -33 7 10 -32 -44 -47 -33 -43 1 -52 -14 2 -49 -5 -51 -7 -11 -3 -36 -47 -51 6 -57 -3 -11 -33 -52 -44 -54 -47 3 -54 -54 -46 -46 -8 -43 -41 -52 -25 6 -8 -42 -53 -45 -21 -54 -5 -44 -27 -22 -23 8 -1 -37 -43 
-46 3 -5 -24 -56 -28 -9 -49 -48 -38 -12 0 -36 -31 8 1 -36 -24 -35 -8 10 -53 -11 -24 -44 -24 -6 -48 -11 -55 -13 -39 -2 -57 -53 -27 -18 3 -21 3 -55 -54 -55 -17 -45 8 -20 -33 -12 -11 0 -13 9 -57 -47 -14 -29 8 8 -49 -47 -20 10 -3 6 -5 -27 -52 3 -52 -45 -2 -6 -1 -31 -52 -12 -50 -36 -48 -14 3 -30 -22 -22 -29 -2 -13 -33 -5 -40 0 -9 -4 -31 -3 -27 2 -55 -26 
-22 -16 -13 -14 -3 -22 -44 -15 -16 -51 10 -46 7 -3 -1 -52 3 -38 -13 -34 -22 -19 -38 -15 -32 -49 -19 -10 -1 8 -10 -54 -30 -52 1 -4 6 -22 -4 -38 -46 -46 -31 -52 -12 2 0 -27 -56 2 -31 -12 1 -40 -35 3 -33 -53 -1 -40 -22 -33 -50 2 -9 -24 -56 4 -53 -50 -25 -51 -34 3 -3 10 -11 -26 -9 -48 -38 -22 -34 -2 -32 -35 -32 -14 -2 -52 -53 -11 -50 6 -46 -31 -53 -42 -17 -48 
-11 9 -22 -47 -41 -49 9 -46 -24 6 -44 -8 -18 -53 -10 -12 -42 -13 -52 -1 4 -22 -45 -24 -40 -7 6 -51 -25 -16 -11 -11 -8 -2 -30 -38 7 -54 -54 -57 -21 -33 -1 4 -11 -19 -47 -35 -39 -11 5 10 -46 -57 -46 -57 -32 -30 -53 -10 -39 4 -56 8 -18 -13 -24 -27 -9 -23 -27 -10 -33 -51 -31 -51 -6 -38 -37 9 7 -33 7 -3 0 -53 -39 -18 -17 -7 -34 -26 -54 6 -38 -32 -32 -57 -43 -40 
-25 -20 -53 -19 -3 -54 -28 -55 -14 -23 -57 6 -19 -54 -56 -26 5 -41 -32 8 -33 -30 -14 -4 3 -39 -8 -36 -53 -44 -21 -56 -41 8 -54 -11 -47 -46 -42 -35 -45 -48 -25 -41 -52 -19 -42 8 -19 10 -38 -47 -27 -32 -39 8 -55 -37 -22 0 -37 -13 -47 -7 -35 -36 -30 -33 -23 -2 -45 10 9 -37 -11 -30 -6 -50 -41 -8 8 -48 -34 -5 -21 -52 -50 3 -23 -9 -55 -33 -18 -39 1 -24 7 -31 -30 -26 
3 -56 6 -40 -8 -42 -2 5 -28 -31 -5 -25 -49 -3 10 -51 -33 -32 -32 -36 -40 -48 -55 2 -43 -44 -40 -40 2 -12 -11 -52 1 -36 -12 -52 -15 4 -39 -1 -17 -45 -33 -27 -40 -22 -37 -13 -16 -33 -41 -23 -52 -1 -51 -53 -41 0 -18 -35 -45 -3 -54 -6 -21 -35 -31 -11 -9 -7 0 -49 -1 -16 1 -42 -25 -12 -12 -32 -26 -44 -33 -38 -15 2 -11 -25 -29 -31 -24 -39 -11 -18 9 -33 -46 -51 -36 -5 
-29 -47 1 -26 -45 -12 -35 -36 -52 -51 -1 -14 3 -14 -43 -40 -46 -43 -28 -14 -38 -15 -22 -18 -2 9 9 -46 -12 -32 5 -43 -22 -29 -16 -56 -7 -8 -39 -4 -26 -32 -29 -4 -33 -1 -35 4 -33 -11 0 -28 1 -31 -6 -24 -29 9 0 -50 -20 -26 -56 -13 -21 -20 -9 -29 1 -35 -1 4 -49 -36 -15 -17 -42 -45 -5 -57 -27 -12 -56 -47 -20 -17 -2 -4 4 0 -18 -1 -32 -18 5 -33 -53 4 -13 -55 
-33 -3 -26 -23 -49 -5 -47 -45 -35 1 -40 -48 1 -52 -19 -8 9 -27 6 -54 -36 -22 -41 10 -16 -2 -30 4 -46 -13 -43 -28 -15 -22 5 -49 -49 -41 -44 -1 -2 -22 -20 -47 -13 -43 -29 -57 -39 -21 -5 -20 -6 -2 -50 -16 -25 -4 -41 -46 -11 -29 -34 -21 -24 -53 -5 -17 -12 -16 -45 -6 -3 -11 -6 -51 5 -10 -56 -4 -56 -53 -2 10 -54 -2 5 -19 -13 -21 -46 -8 -12 -12 -44 -51 -22 -24 -33 -47 
-43 -38 -14 -40 4 -19 -33 -31 -5 -7 -20 2 -5 -7 8 -29 -26 -2 -45 -54 -27 -2 10 -13 -27 -14 -29 -33 -39 -5 -21 -28 -41 -5 -35 -53 -57 -23 5 -49 -55 -18 -39 -49 -24 -21 -48 -40 -6 10 -49 -19 -57 -10 -44 10 -9 -7 -35 -41 -15 -41 -5 -50 -35 -22 -57 3 -4 -4 -31 -9 -5 -12 -23 -15 -7 -25 7 -33 -47 -32 -44 -53 -48 7 -26 -19 -13 -52 -28 -15 6 -46 -11 3 -33 -49 -12 5 
-45 -43 -9 -41 -57 1 10 -16 -54 -38 -40 -8 -19 -44 -37 -1 -27 -50 -31 -22 5 -54 -26 -35 -39 -51 -7 -15 -5 -56 -25 0 -52 -7 -32 -35 -13 5 -29 -2 -26 -9 9 -51 6 -50 -14 -56 -36 -37 -25 -35 -22 -55 -39 -2 -8 -57 6 -44 -23 -18 -40 -1 -41 -52 -41 -50 -46 -24 -41 -6 -54 3 -50 8 -45 -18 1 -4 -9 8 -52 -35 -46 3 -39 -22 -38 -57 -52 10 8 -6 -27 -53 -3 -21 -28 0 
-57 -4 -8 1 0 -55 7 -46 -44 1 -52 9 -41 -25 -23 6 -46 -47 -31 -41 -8 8 -33 -40 -57 -51 -20 -5 -5 -28 -11 -8 -19 -13 -51 8 -7 -34 -56 -12 -51 -49 -42 -23 8 -43 -26 -29 -20 -42 -41 -40 -20 -12 3 -36 -28 -39 -40 2 -29 -44 -29 5 -38 2 -49 -40 -40 -4 3 -29 -22 -4 5 -14 -34 -56 -16 -12 -9 -12 -50 -13 -54 -11 -23 -44 -29 -40 -21 -22 -3 -40 -13 -38 -47 -53 -44 -34 
-5 1 3 -36 -47 -34 -28 -15 -4 -46 -10 9 -36 -34 8 -1 3 -48 -21 1 -39 -16 -40 -16 0 2 -55 8 -22 9 0 -39 -53 -42 -26 -57 3 5 -33 -47 -33 5 10 -6 -26 -10 -21 -57 -23 -35 -14 2 8 -31 -50 0 -5 -44 -46 -23 -27 -37 -47 -23 -39 -14 -53 -18 -36 -34 -14 -48 -40 -48 -9 -53 -8 0 -6 10 -1 -44 -26 -3 -30 -36 -7 -21 2 -27 -5 -8 -12 -11 -30 -11 2 -45 -55 -22 
-25 -10 1 -48 1 -45 1 -14 -5 -35 -46 -30 -31 9 -30 -54 -31 9 -2 6 -57 -22 -19 -8 -13 -22 -7 -39 -3 -35 1 -19 -14 -38 -16 2 -6 6 -26 -33 -29 -14 -17 -22 -20 -31 -21 -23 -57 -18 -4 10 -33 3 -17 -37 -55 4 8 -22 -9 -30 0 -34 -27 -57 -14 -7 -2 1 10 -40 -56 -23 -7 5 -19 -41 -39 4 -15 -13 -35 -50 -16 4 -5 -32 10 -13 -17 -26 -12 -37 -22 -27 -18 -2 -37 -10 
0 -46 -1 4 -4 -48 -45 -19 0 -3 -31 -1 -9 -50 -14 -39 10 -2 -13 -53 0 -29 -43 1 -48 -18 -55 -12 -40 -26 2 -40 -57 -1 -8 -35 6 -26 -11 4 -23 2 -10 -7 -45 -14 -33 -37 -26 -35 -40 8 -15 -7 4 10 -26 -24 -43 -8 10 -15 -55 -9 -37 -40 -45 -23 -51 3 -29 -39 -20 -43 1 7 -12 9 9 -23 -53 7 4 -31 -26 -33 2 -31 -16 -18 1 -7 -5 -14 -10 9 -12 -46 -23 -6 
4 -56 -2 -14 -20 -28 -54 1 -42 -32 -41 -44 -42 -43 7 -37 -32 2 -31 -20 -30 -3 -34 -18 -26 -4 2 -2 0 -12 -7 -45 -20 -38 -35 -24 -5 -46 -1 -2 -18 -40 4 10 -53 -34 -26 -35 -50 -22 -34 -33 1 -3 -53 -1 5 -4 5 -17 -41 -17 -17 9 -11 -31 -32 -43 -16 -47 -3 -6 -3 -26 -15 -37 -57 -12 -40 0 -53 -32 -44 -23 -17 -31 -57 -52 3 -43 -56 -52 -54 -55 -3 -18 -6 -57 -43 -30 
-26 3 -21 8 -19 -38 5 -43 -55 -4 -42 -52 -18 6 -26 -56 -6 -5 -19 -44 4 -10 -32 -14 7 -42 -42 0 -19 -23 -19 8 2 -36 -57 -31 -46 -43 -8 -34 -43 -30 -11 1 -7 -43 -50 -33 -31 1 -26 -31 -17 -10 0 3 -52 -41 -6 -39 10 -13 -26 -29 -38 10 10 -52 1 -18 -17 -33 -11 -46 -52 -26 -55 -36 8 -42 -38 -35 -21 -54 -23 9 -5 -6 -7 -31 -14 -14 -44 -31 -13 8 -28 -49 -6 3 
-49 -32 -49 -42 6 -21 -18 -54 -50 -6 6 -43 -41 -4 -30 -32 -15 6 -52 -21 -54 1 0 -53 -39 -57 10 -39 -38 -39 -25 -41 -57 -11 -56 7 -7 -38 -51 -41 -26 -46 6 -35 3 -42 -38 1 -16 -31 -40 -35 -34 -46 -35 -11 -45 -56 -16 -22 -11 -52 -51 -2 -22 2 10 -45 -57 -32 -20 -48 -50 -14 0 -10 -44 -20 -13 -45 10 3 9 9 -39 -5 -39 -51 -1 -56 10 -51 -45 -12 -28 -36 -8 -48 -42 3 
-10 7 -21 10 -39 -1 -14 -15 -55 -8 -53 -12 -12 4 6 -21 -39 -25 -6 -12 -57 -16 -54 -46 0 3 -50 1 -33 -56 -17 -11 -5 -40 -39 -42 -21 -23 10 -39 -6 -45 -57 -45 -41 -22 8 -35 -4 -27 -28 -48 -54 5 -29 -26 -26 -24 -37 -50 -52 -19 -55 -28 -56 -4 0 -41 -36 -55 -47 -15 -48 -57 -35 -3 -22 -12 -9 -51 7 8 -3 -24 4 -18 -16 -39 -4 1 -40 -32 -45 4 -21 -30 -34 -50 -40 -29 
-26 4 -45 0 3 -7 -36 -10 -30 -42 -56 7 -56 -30 -51 -21 -51 -1 1 -52 -22 -42 -48 -36 -55 -2 -48 -2 -37 -29 -26 -52 -27 -7 -14 -14 -20 -26 -19 -2 -46 -24 -44 -57 -12 -5 -15 0 -18 -29 -36 -42 -38 -49 -21 -30 0 -27 -18 -27 -3 8 -38 -4 -18 -57 -56 1 -40 -38 -15 -6 -37 -27 -37 -28 -14 -51 -56 -11 2 -7 10 -23 10 -45 -34 3 2 -47 -31 -36 -21 -21 -34 5 -38 -6 -35 3 
-53 -29 -23 -53 -13 -26 -35 -10 2 -26 -26 -37 -43 -1 -21 -2 -23 -1 -54 -2 0 -42 -26 -22 -48 -21 -21 -30 5 -55 -24 -38 10 -9 -41 -12 -33 -5 6 2 -45 -25 -53 -9 -3 -38 6 -50 -42 5 -26 -51 -38 -23 -1 -18 -25 -44 -4 -39 -9 -12 -54 7 -35 1 -7 -40 -24 -30 3 -57 -48 -28 -8 7 1 -31 10 -28 -22 -31 -24 -47 8 -22 -27 9 -46 -16 -31 -43 -35 -41 8 -27 7 -46 0 -28 
-42 -22 -46 9 -8 -53 -54 -16 -23 -3 -30 -27 -21 -21 -33 -7 -51 -12 -23 8 4 -35 -19 -20 2 -41 -13 3 -28 -44 -30 -28 -16 -23 -40 2 -30 6 6 -3 -22 -57 -54 -6 -28 -54 4 -20 -28 5 -55 -29 -40 6 -37 -3 -8 5 1 9 -9 -38 -46 6 4 7 -2 -18 -32 -23 -15 -2 -36 -20 -37 -5 -3 -1 -7 -35 -54 -33 -6 -53 -48 -15 -49 6 -48 -22 -39 -13 -32 -50 -21 -31 -24 -24 -28 -11 
-24 6 -23 -1 -16 -33 -51 -19 -31 -48 -4 -30 -22 -19 -3 -29 -40 -18 -37 -25 4 -5 -35 -54 -43 -47 -31 -27 -28 -13 -51 -54 -16 2 -49 -37 -11 -32 -14 -4 -46 -28 -15 -55 -5 8 -26 1 -50 -17 -23 -49 2 -51 -43 5 -39 -11 0 -47 -44 -10 -50 -4 -36 -25 -10 -44 -13 -33 -30 -4 -31 -45 -56 -35 -13 -13 -17 -10 -49 -56 -40 -10 -23 -2 -18 -33 -23 -44 -40 -46 -24 0 -28 9 -4 -19 -11 -12 
-24 -36 -15 -28 -50 -19 -12 -35 1 -49 -10 -44 -26 -32 -42 -12 -40 -1 4 7 -11 -6 -41 -44 9 -13 -49 -48 -25 -37 -35 -24 -23 7 -49 -7 -2 -25 -35 -49 -7 -52 1 -28 -4 -9 -50 -55 10 0 4 -15 -31 -42 -26 -6 -42 -36 -18 -8 -37 -22 -15 2 -12 2 -26 -42 -47 -50 -19 -10 2 -4 1 -35 7 -26 1 -38 -48 -46 -40 -16 -37 -43 -43 -39 -55 -42 -5 -52 5 -49 -55 8 6 -23 -53 -52 
-33 -32 -15 2 -27 -38 -40 -6 -31 -34 -50 -7 -22 -21 -47 -37 -4 -37 -42 -43 9 -25 -36 -31 -44 -1 -17 -26 -15 -54 -4 -54 -30 -12 -11 -19 -28 0 -28 -1 -42 -39 -2 0 -8 10 -51 -10 -11 -39 -56 -33 -45 -37 2 -48 -25 -33 -34 -35 -7 -34 -51 -45 -53 5 -50 -56 -35 -42 4 6 -24 -12 -13 -35 -17 -29 -55 4 -19 1 -5 -27 -26 -26 7 -37 -11 -44 -31 1 -24 -19 7 -20 -5 -34 -57 2 
-40 -25 -26 -21 -51 -17 -49 -44 -18 -41 0 -51 1 -37 -26 -54 -40 -19 5 5 -7 -3 -2 -6 -11 -55 -55 -10 -10 7 8 -4 -2 -34 -28 -38 -16 -19 -34 -16 -30 -39 -42 -33 -43 -55 -23 -6 -55 4 -32 10 -25 -55 1 -45 -23 -47 -6 -15 -6 -35 -49 -28 -38 1 -39 -47 -31 10 -51 -3 10 4 5 -50 -28 -32 -8 -10 -33 -8 -20 9 -11 -56 -2 -32 -54 -4 -9 -32 -5 -20 -43 -40 -3 -41 -27 6 
-57 9 -4 -39 -32 -42 -42 -22 -46 -27 -56 -8 6 4 5 8 -37 -37 -48 -37 -44 -32 -19 -3 -56 -8 3 -22 -6 -18 -24 -25 -14 -54 -37 -52 -33 1 0 -2 -40 5 -34 5 -48 -27 -28 0 -33 -22 -40 -55 -27 6 -22 -42 -19 7 -34 -49 -4 -39 -33 -48 7 -11 2 -27 -19 -7 -16 8 -2 -57 -7 -20 -49 -33 -39 -27 -49 8 -42 -18 -50 -34 -7 -23 -43 -21 0 -13 -14 -57 -11 -55 -14 8 -45 -13 
-40 -46 -20 -46 -11 -25 6 -23 -41 7 -46 -5 7 -21 -11 -1 -43 -48 -41 -41 -39 2 -39 3 -51 -3 -9 1 10 -55 -46 -16 -29 -47 0 -31 -23 -13 -22 -49 -51 -10 -21 -33 -24 -24 -27 -40 -1 -30 7 -44 -1 8 -51 -3 -35 -37 -32 -36 -14 1 -47 8 -13 6 -44 -24 -10 -55 -57 -37 -50 -48 -46 -43 -13 -4 -26 -22 -4 -23 -28 4 -36 -26 -42 -57 -47 0 -21 -5 6 -49 -15 5 7 -34 -51 -38 
9 -6 -54 -49 1 -54 -14 -48 -14 -50 -57 -42 9 -46 8 -2 -43 -13 7 3 -33 -20 -3 -52 2 -50 -4 -38 10 -19 4 -40 -12 -56 -48 -49 -44 9 5 -9 -42 -3 -12 -23 -13 4 7 3 -35 -29 -44 -14 3 -14 -42 -15 -22 1 -9 -53 -45 -19 -27 -57 -9 4 -27 -20 -4 2 -6 -17 -24 -13 -44 -36 -57 -45 -3 -55 6 -42 -6 -22 -33 -19 -18 -13 -8 -28 7 -38 -5 -11 -53 -17 -26 -24 -7 -3 
-1 -17 -37 -3 -22 -12 -38 -4 -55 10 0 -47 5 -36 5 -41 -31 4 -52 -52 -3 -28 -31 -6 -54 -56 7 -56 -13 -23 -50 -16 -5 -44 4 -35 -47 -5 -7 -49 -43 -42 -42 -36 8 -27 -35 -54 -51 -56 -36 -37 -45 -22 -20 -5 -10 -19 -12 0 -47 8 -4 -51 -40 9 -27 -13 -53 -22 -40 -3 -47 -42 -53 -51 -15 10 -3 10 -52 -24 -35 2 -13 1 -48 -42 -48 -41 -21 -20 -20 -36 -53 -19 -44 -13 -9 6 
-29 -20 0 -25 -47 -18 -46 -26 -3 -1 -15 2 -22 -14 -53 -50 -34 -49 -4 -42 0 -47 -19 -52 -51 5 -19 -39 3 -45 -3 -57 10 1 -11 -27 -45 -28 -36 -11 6 -39 1 -36 7 -31 -1 -18 -9 0 5 4 -31 -37 7 2 -37 9 -17 -33 -41 -1 -8 -45 -57 -33 -50 -48 -45 -41 -52 10 -29 -38 -31 -2 -29 -32 -44 -23 -31 -54 -7 -36 -30 -28 -44 -3 3 -19 -37 -6 -42 -16 -28 -11 -40 -32 -17 -1 
-33 -15 6 -2 -55 -26 1 6 -34 -11 5 -25 0 -8 -38 0 -5 -34 -34 6 -7 -31 -26 -57 -43 -4 -32 -8 -19 -2 -25 -16 -11 -33 -47 -11 -16 -14 -52 -21 10 -36 -45 -29 -43 -44 -56 -1 -48 -32 5 -12 -51 -5 -19 -21 -47 -44 -54 9 -30 5 -29 -26 -38 -14 -26 -11 -4 -34 -34 -56 -11 6 -8 -25 -4 4 -45 -34 -7 -30 4 -11 -16 -33 -13 -7 -39 -27 -29 8 -8 -14 -32 -19 -26 -56 -50 -15 
3 -47 7 -57 -41 -55 -29 2 -8 -16 10 -56 -7 -2 -3 -56 -53 -3 -5 -35 -2 6 -17 -35 -52 -43 -54 -46 -16 -22 -11 -29 -55 1 6 -45 -4 -48 -46 7 2 9 -46 -45 -23 -36 -43 -53 8 -46 -2 -49 8 -10 -53 -40 -32 -43 -26 0 -36 -9 -50 -27 2 -32 -52 -31 -56 -17 10 -6 -5 -55 -9 -9 -6 -14 -17 -24 3 -43 -9 -51 -45 -18 2 -29 -32 -15 -37 -34 -47 -13 -22 -12 -55 5 8 -44 
-53 -52 -25 3 -3 0 9 -16 10 -8 -24 -8 2 -35 9 -22 -25 -21 -12 7 -20 -19 -18 -55 -54 8 -9 -2 6 -8 -20 -22 -53 -12 -25 -38 -12 -37 -15 -47 -36 -50 -50 -42 -2 -13 -21 -54 -27 -11 -3 1 -23 -22 -39 -50 -18 -14 -35 -30 -38 -47 -45 -2 -56 -13 3 -49 -42 -18 -38 9 -20 -13 -39 -13 -16 -9 -18 4 -57 -18 3 -11 -39 -8 -29 -17 -34 -6 -35 -5 -18 -31 -47 -53 -53 -20 -18 7 
7 -51 -23 -10 -50 -16 -32 -45 -13 -39 -49 -3 -10 -9 -8 -35 8 -5 3 -26 -32 -2 -18 -32 -37 -23 -25 -6 -8 -20 -56 10 -4 -57 -32 -53 -47 -9 -10 -18 -34 -24 5 -56 -4 -20 4 -53 -7 -19 -47 -1 -33 -41 10 -6 -5 -52 -25 10 -3 -24 -55 -39 -11 -42 -47 -35 -51 -16 9 -52 -51 -12 -52 -39 -34 -56 -14 -47 -40 -25 10 -33 -25 -46 -42 -37 -47 -23 5 -16 -8 -13 -4 -27 -30 -18 -28 -35 
-20 -40 -11 0 -12 -31 -23 -16 5 -4 -29 -43 -14 -27 -46 -43 -21 -55 -9 -37 -45 -24 -18 -24 -29 10 -14 -27 -36 9 -51 -6 -10 -22 -54 -45 -52 -23 -33 -47 -43 -48 -30 -56 -50 -5 -38 -54 -13 -5 -20 -28 -16 -17 -7 -14 -14 -37 -5 -51 4 -23 -48 -12 -14 -24 -15 -21 3 6 -15 -43 -51 5 -19 -38 -53 1 -4 -20 -10 -17 -12 9 -47 -3 -46 7 -56 -39 5 -49 8 3 -13 -48 -47 -26 -2 4 
-46 -34 -54 -1 -21 -14 -8 -37 -52 -5 -6 -1 -33 -43 -31 -54 -54 9 -16 -4 -32 -6 -51 -32 -35 -21 -24 -7 -27 -14 7 -16 2 -57 2 -30 -43 7 -43 8 -48 -23 -29 -14 -26 -55 -27 -54 8 -36 -52 6 -40 -32 -34 -18 -8 -46 -25 -52 -21 0 -2 4 8 -43 -36 -33 -3 -48 -28 -10 -20 -57 -21 -32 -35 -40 -44 -15 -11 -46 -6 9 -30 -51 -43 2 -43 -12 -12 -40 -27 8 -16 0 -9 -28 1 -7 
-28 -35 -44 -29 10 -55 -9 -46 4 -49 -45 -19 -1 -52 -15 -55 -11 5 -35 -34 -40 -18 -36 2 -20 -56 -16 -13 -43 -32 -17 6 5 -14 -8 -42 -30 -11 8 -47 -30 -53 9 -13 -52 -53 -21 -26 -9 -9 -50 -11 -43 -39 10 -53 2 -48 -17 -11 -41 -23 -44 -33 -10 -14 -41 -27 6 8 3 -6 -36 -35 -43 3 1 -51 -42 -51 -17 -34 -1 -44 -20 -31 -21 -12 -13 5 -45 -17 6 -45 -50 -3 -54 -46 -33 -32 
-43 -15 -54 -9 4 -23 10 -51 -37 -13 1 -34 -32 -52 -9 -37 -38 -50 -25 -39 -52 -35 -12 7 -5 -38 -20 -50 -8 -7 -26 0 -37 -31 -35 0 -31 -20 -7 5 5 -31 5 -51 6 -44 -15 4 -45 -23 -28 -34 8 -40 -22 -8 -29 -9 -14 -26 4 -30 -26 -31 1 -13 -40 3 -41 -11 1 -43 -49 -57 2 -45 -7 -15 5 -34 -38 -8 -20 -40 -34 -29 -28 -13 -57 1 -37 -12 -49 -46 -2 -45 -44 -3 -57 -46 
-28 -46 -24 7 -22 -39 1 -10 -30 -24 -27 -39 -26 -36 7 7 0 5 -40 -27 -55 0 -15 -25 -33 -41 -26 -55 -47 -14 -4 -6 -30 -37 -11 -25 -26 -20 -2 -4 1 -1 -50 -20 0 -4 -54 -36 -55 -19 6 -22 -24 -13 -6 -18 -17 -26 7 -12 -28 -27 -50 -45 -28 -25 9 -47 -33 -49 -29 -21 -30 -23 -15 -5 8 -36 -20 7 -4 -12 -19 -2 -49 -14 -6 -24 -17 -43 -28 -32 -2 -4 -9 -36 9 -38 10 -22 
-35 6 -33 -15 -20 -12 -17 -52 -36 -14 -51 -32 -49 -45 -3 -34 4 -24 3 -38 8 -22 -4 -15 -28 -31 9 10 -55 -45 7 2 -28 -33 1 -41 6 -33 -49 -27 2 -8 -14 -55 -40 -55 -49 -39 6 2 -55 -42 -12 -45 -42 -33 1 -23 -2 -45 0 -50 -1 -7 -1 -57 -4 10 -26 -45 -27 -8 -36 -43 -11 2 -29 -49 6 -26 -32 -34 -2 -2 -8 -2 -41 -8 8 -54 -49 -8 -23 8 -38 3 -27 -27 6 -41 
-9 -52 -32 -5 -33 -38 -49 -33 -28 -54 -30 -17 -38 -43 -35 -33 -9 -3 -42 -33 -28 -29 -10 -54 -21 -26 -55 -26 -4 5 -1 -49 -42 -54 -56 3 3 -33 -32 -29 -20 -12 -22 -15 -49 -7 -11 -29 -10 -17 -45 -16 -10 -5 -9 -37 -47 -22 7 -53 -56 -19 -26 -41 -19 -26 -49 4 -33 -9 2 -28 -8 -56 -44 -48 -47 -9 6 -16 -1 -36 -17 -23 -6 -21 -29 -24 9 5 -30 4 -39 -15 -14 -31 -33 -8 10 -11 
-51 -52 -32 -36 -53 1 -57 -20 0 -45 -2 -50 -3 -23 -34 -50 -24 -3 -51 2 -6 -56 -7 -51 -53 6 -2 -56 -11 -39 -57 -47 -10 -49 -6 -21 -16 -49 -19 -18 -50 9 -25 0 -2 -45 -22 -22 -46 -34 -33 3 -35 -54 -1 -42 -28 -6 -38 -12 -39 -54 -35 -25 -13 -48 -9 -8 -52 6 -12 -20 -17 -53 -26 -34 -47 -49 -14 -19 -21 -4 -54 -37 -52 -34 -9 -50 -16 -16 4 10 -29 -25 -55 -57 -37 -26 -57 -22 
-33 -34 -38 -2 -28 -34 -57 -22 -41 -26 -3 -4 -34 -52 -4 -40 -2 8 -9 -45 8 6 -39 2 -45 -11 -13 -45 -39 -20 -40 -41 6 -20 -20 0 -41 -6 -54 -22 -27 -25 -26 -11 -22 -12 0 9 6 -52 5 10 -24 -51 -29 -25 -6 -10 -4 1 -10 -54 -54 8 -52 10 -18 -12 -32 -2 -10 -17 -32 -38 -12 10 -16 -40 -51 -35 -11 -20 -20 -45 -44 -22 3 -26 -10 -36 5 -10 -20 -22 -39 -44 -19 -48 -49 -55 
0 -16 -37 -48 -12 -21 -9 -21 -6 -18 -20 -8 -39 -42 -9 -3 -11 -25 -20 -14 -7 -51 0 -48 -30 -31 -41 -12 3 -43 -55 -57 -57 -40 -17 -11 2 -55 -40 -2 -43 -29 -41 -54 -14 -54 -37 -30 -42 7 0 -42 -48 -46 -15 -23 -19 -25 1 -13 -46 -38 1 -17 10 3 -55 -14 -19 -1 -16 -43 -23 -29 2 -25 -53 -24 -44 -7 -57 -8 0 -50 -3 -51 -6 0 4 10 -10 -25 3 -6 -53 -40 -47 -44 3 -35 
-46 -38 -41 -1 -34 -19 -57 -28 -49 -36 -39 -28 -26 -31 -27 -35 -4 1 -15 -46 -10 -32 4 -41 -39 -51 -14 -17 -2 2 -49 2 -1 -4 -9 -20 9 8 6 -15 -49 -43 -41 -43 -9 -10 8 -21 -17 -48 -12 -56 -36 -18 -46 10 -46 -32 -26 -16 -16 10 -13 -56 -12 -9 -4 -11 -1 7 -15 7 -21 -9 3 -8 -38 -26 -13 -2 -3 -19 -13 -41 -3 -13 -47 -22 -7 -31 -43 -6 -47 -41 -26 -30 10 -15 1 -45 
-9 -40 -55 -7 -50 -12 -48 -4 2 -48 -44 -32 -25 4 5 -11 -54 -42 -2 -5 -11 -57 -35 -13 -17 6 -25 -56 -9 -41 -5 -25 -34 -34 3 -46 -46 8 -36 -37 -47 -52 3 -50 -44 -3 -56 -11 -7 -5 -2 -5 -42 -16 -28 -31 -21 -11 5 0 -8 -19 -17 -53 -2 -48 -3 -30 -14 -8 -54 -22 6 -12 -22 -42 -27 7 -14 -36 -26 -3 -24 -21 -35 4 -50 -27 -24 -36 -22 -10 -4 -45 -45 -45 -48 -21 -37 -15 
-23 -38 -17 4 -48 -32 -49 -17 -6 -17 -11 -33 -32 -39 -8 5 -28 -25 -46 -34 -37 -45 -35 8 -43 -33 -26 -24 -46 4 -34 -52 -43 4 -13 -47 -57 -36 9 -6 -19 -31 -21 5 -46 -44 -3 -39 -13 -37 -32 -36 -20 -23 -32 -39 -21 -53 -51 -51 1 -43 -11 0 -15 10 -33 -23 -19 -10 -20 0 -36 -35 -13 -2 -53 -14 -50 2 -33 -51 -1 5 -47 4 -53 -47 -57 -20 -23 -7 -42 -50 -5 -38 0 -41 -7 9 
10 -53 -12 -19 -44 -57 -26 3 -35 9 -52 7 -5 -31 -3 -46 -39 -49 -39 -22 -57 -31 1 9 7 -20 -35 -11 -25 -27 4 -29 -30 -2 -48 -19 -32 -44 -11 -48 -49 4 -38 -8 -19 2 -45 -34 -30 -14 -32 -43 -43 -37 -9 -22 -52 -9 1 2 10 -45 -47 -51 -18 -15 -7 -23 -52 8 -49 -56 5 -1 -7 -46 -42 0 -54 -33 -50 -39 -24 -25 -26 9 -53 -16 -24 -23 -11 -46 -13 -38 -1 -32 -25 -23 3 -42 
-47 -27 -13 -10 -30 -51 5 -24 -8 -11 -40 -25 -47 -31 5 -47 -5 8 -26 -27 -57 -39 -50 -52 6 2 -22 -56 -13 -27 -1 8 -28 -2 0 -33 -23 -13 -9 9 -13 -24 -55 0 -50 4 -41 -56 -26 9 -37 -10 -57 -47 -17 -48 -13 -28 -52 -5 5 -50 -27 -56 -23 -14 -2 -14 -56 -9 -44 2 -33 2 -9 -32 -1 -53 -46 -21 -4 -26 7 -38 -51 -54 -46 -41 -31 -16 -55 6 -39 -42 -2 3 -25 -14 -46 4 
-42 -11 -24 -48 6 -53 -4 -57 2 -7 -16 -18 -43 8 -2 -20 0 -37 -57 10 -9 -25 -7 -36 -30 -35 -11 -13 -27 7 -2 -8 -24 -53 -30 -26 -10 -6 -14 -18 -32 -11 -41 -29 5 -31 -53 -35 -37 -6 -49 -4 8 -23 -35 -26 9 4 -8 -56 7 2 -39 -51 -27 -5 -50 6 5 5 -52 -28 -25 -39 -52 -24 -21 -48 -32 -19 -35 -32 -39 -20 -30 -42 -57 -11 -47 -31 3 -55 -36 -50 3 -5 -57 -44 -21 -29 
-39 -21 -9 -37 -37 -25 -32 -18 -51 -56 -44 -35 -45 -42 -16 -18 -28 -4 -8 -51 -27 -29 -27 -20 -37 -48 -2 -17 -2 1 -56 8 5 -19 -15 -14 -46 -32 -43 4 7 -1 5 -48 4 -39 -50 -48 7 -4 -36 -7 4 9 -11 -35 -48 2 -1 -26 -5 -19 -6 2 -49 8 4 -46 -8 -23 -47 -30 -22 -25 -52 8 4 -55 -53 -25 -39 -15 -44 -37 7 -40 -3 -50 10 -8 -43 -33 -18 10 7 -34 -27 -36 -43 5 
-1 -38 -33 -41 1 -31 -57 -48 1 -12 -22 -51 -26 -49 -2 4 7 -24 -6 -8 -33 -8 -29 -7 -30 -29 4 -24 -19 -52 -17 -26 -15 -27 -33 -34 -54 -32 -55 -55 -7 -3 4 -53 -28 -16 -56 -22 -51 2 -37 -17 -26 -2 -20 7 8 -9 -38 -3 -39 -39 -49 -51 -26 8 -49 -44 -29 -5 -13 -31 -19 -37 -14 -47 -14 -29 -12 -3 -17 -2 -29 -24 -55 -53 -55 -1 -31 10 -14 -43 3 -44 -21 -16 -21 -53 -54 -35 
-7 -21 -40 -31 -3 -16 -22 -37 -26 -10 -6 -14 -42 6 -44 -41 -6 -43 -49 -8 -24 -54 -50 -28 -30 -23 9 -36 -8 -20 -15 -10 -52 -17 -26 -40 -46 -43 -34 -35 -54 3 4 -19 8 -48 -49 10 -54 6 -30 -28 -24 -3 -11 -15 -31 -23 -54 -4 -35 -6 -3 -21 -5 -9 -56 -29 -52 5 7 -43 -48 -14 -11 5 -33 1 -30 -46 -9 10 -30 2 10 -29 6 -18 -2 -46 -33 -55 -39 -25 -28 -27 -25 -43 -38 -6 
-19 -41 -39 -5 -41 -44 -5 -24 -8 -47 -16 -15 -36 -36 1 2 -37 -14 -47 5 -54 -24 -27 -42 -16 -53 -13 -3 -21 -13 -26 -42 -1 -43 -15 -32 -10 -43 -55 -47 -9 -3 -33 -13 -35 -55 -5 10 -38 -36 -1 -23 -3 -19 7 -40 -14 5 -1 -15 -17 -29 3 -16 -55 -35 -19 -27 4 9 -24 -50 -39 -4 -47 -45 -4 -6 10 4 -54 -13 -7 -40 -55 -1 7 -22 -9 -4 6 9 8 -10 -17 -2 9 6 -7 -18 
-9 -27 -5 5 -50 -10 -27 -24 -1 -52 -40 -34 9 -10 -6 -17 -43 -13 -32 -20 -33 4 -51 -42 -13 -16 -27 10 2 -23 -4 -36 -6 0 -37 -42 -17 -48 -40 -11 -1 -54 -37 -9 -13 -20 -45 -18 -35 -20 -16 -48 -46 4 -28 -4 -2 -24 -16 -13 -16 10 -46 3 -29 -13 -16 -8 6 -47 -50 -39 -46 9 -37 -56 -11 -42 -31 -44 10 -32 -18 -37 -14 -8 -30 -40 -47 -11 -10 -48 -10 -57 -21 0 -46 -41 -8 -51 
-7 -47 -50 -44 7 -49 -56 -32 -1 -38 5 -6 -5 -27 -26 -43 -26 -26 -26 -40 1 -17 7 6 -11 -4 -57 -28 -3 -56 2 7 -48 -37 -29 7 -2 -24 -24 -19 -48 -45 8 -5 -22 -40 -47 8 -39 10 4 -50 2 -6 -22 -31 -9 -47 -54 -6 -9 -6 -30 -20 -57 -49 -13 -34 -56 -39 -17 -46 -46 9 -46 -57 -55 -13 -5 -1 -13 -39 -28 -57 6 5 -27 -45 -29 8 -47 -57 -39 -25 -25 -21 10 -55 3 -23 
-41 -27 -17 -48 -57 9 -30 0 -39 9 -18 -46 -52 -7 -55 -5 -6 -10 -27 5 -21 2 8 -45 -8 -40 -28 9 9 -45 -5 -48 -11 -57 -7 -8 -35 -40 -50 -38 -16 -11 -48 -57 -21 -8 -42 -11 10 -45 -17 -39 -28 -26 -36 -38 -50 -33 -42 1 -50 -30 -57 -51 6 3 -32 6 0 -49 -26 -32 7 -36 -16 -26 -6 -53 -56 -24 -35 -33 0 5 6 -16 10 -7 3 -44 -47 -7 -14 10 -32 -39 -38 -54 -11 -21 
-4 -3 -54 -3 4 -38 -27 -57 -6 -56 -38 -47 -20 -15 -33 -55 -26 8 -24 -18 -44 -19 -23 -14 -3 -46 4 -23 -41 -6 -35 -51 -36 -12 -51 -36 -47 -16 7 -44 0 -49 -33 -31 -51 -44 -38 -33 9 4 -32 6 1 -33 -21 4 4 -1 -38 -12 -5 -28 -26 -9 -24 -30 -4 9 -9 6 10 -32 -43 -15 -35 -49 -35 -23 -57 -4 -22 1 -6 -55 -45 -22 2 7 -54 -51 -6 -51 -21 -18 -43 -29 -8 -47 -37 -14 
6 -18 -20 0 -9 -47 3 -30 -44 -36 -22 -10 2 -48 -12 -55 -29 10 10 0 -42 -55 6 -51 8 -57 -51 2 -14 -56 -34 -45 -38 -22 -6 -44 -44 -27 -24 -25 -33 -46 -25 -2 -29 -3 7 -33 -3 7 -31 -24 -48 -41 1 -13 -16 -6 -46 -8 -36 -20 -29 -4 8 -34 -53 -10 -8 8 -42 -21 -56 -56 -52 -46 -31 2 2 2 -12 -20 -55 -19 3 0 -28 -11 -27 5 -43 -14 -18 4 -25 -15 -25 -3 -41 7 
-3 -3 -49 -39 -49 -13 -54 -7 -35 -18 -37 -29 -52 -21 -24 -45 -30 -31 8 -50 4 -44 3 -26 -51 -45 -45 -9 6 9 -7 -26 -24 -54 0 6 -32 -24 -28 10 -38 -32 -41 -49 -42 -26 -7 0 -17 -49 -55 -39 -16 -20 -31 -27 9 -11 -56 -11 -52 -1 9 -53 -23 -8 -17 -18 0 -52 -2 3 -36 -56 -49 7 -17 -38 -10 -57 -2 -15 -52 -25 -30 10 -35 -19 -35 1 -50 -9 -37 -14 -50 4 -39 -41 -53 -13 
-35 -48 -34 -14 -30 -55 -33 -37 -13 3 2 -38 -14 -30 -53 -28 -1 -56 -3 -17 -33 -23 -15 -46 -50 -44 -31 -41 -55 -34 -25 -16 -22 -19 -41 -21 -15 6 1 0 -44 -18 -36 0 4 -36 -53 -55 -31 -31 -48 -25 -43 -47 -5 -2 10 4 -12 -17 -32 -42 -10 -33 -10 -46 9 -50 3 -10 10 -48 -30 -14 -25 -37 -13 -54 -52 -11 -55 -29 5 -55 -8 -20 -30 -23 -8 1 -50 4 9 -11 -51 -52 -8 -9 -23 -52 
